# opt freq MP2/6-311+g(d,p) nosymm counterpoise=2

one

0 1 0 1 0 1
 C(Fragment=1)     -0.02459700    1.40006700    0.00000000
 C(Fragment=1)     -1.23749200    0.70046000    0.00000000
 C(Fragment=1)     -1.23752000   -0.70037000    0.00000000
 C(Fragment=1)     -0.02464400   -1.40012500    0.00000000
 C(Fragment=1)      1.20009200   -0.71842900    0.00000000
 C(Fragment=1)      1.20004600    0.71823200    0.00000000
 O(Fragment=1)      2.38324800    1.40700200    0.00000000
 O(Fragment=1)      2.38331900   -1.40712700    0.00000000
 H(Fragment=1)     -2.17586300   -1.24909500    0.00000000
 H(Fragment=1)     -2.17582700    1.24921700    0.00000000
 Mg(Fragment=1)     3.62157800   -0.00001100    0.00000000
 H(Fragment=1)      0.00114900    2.48712800    0.00000000
 H(Fragment=1)      0.00092700   -2.48721000    0.00000000
 H(Fragment=2)      5.78279100    0.00013100    0.37437500
 H(Fragment=2)      5.78279100    0.00013100   -0.37437600









