# MP2/6-311+g(d,p) counterpoise=2

one

0 1 0 1 0 1
 C(Fragment=1)     -0.02810100    1.39970800    0.00000000
 C(Fragment=1)     -1.24111500    0.70037000    0.00000000
 C(Fragment=1)     -1.24113100   -0.70043600    0.00000000
 C(Fragment=1)     -0.02824300   -1.39980200    0.00000000
 C(Fragment=1)      1.19664100   -0.71817200    0.00000000
 C(Fragment=1)      1.19675300    0.71831800    0.00000000
 O(Fragment=1)      2.37974400    1.40907900   -0.00000100
 O(Fragment=1)      2.37965100   -1.40898100   -0.00000100
 H(Fragment=1)     -2.17939800   -1.24929500    0.00000000
 H(Fragment=1)     -2.17932600    1.24927300    0.00000000
 Mg(Fragment=1)     3.61611500    0.00000400    0.00000000
 H(Fragment=1)     -0.00218300    2.48676500    0.00000000
 H(Fragment=1)     -0.00220200   -2.48683400    0.00000000
 H(Fragment=2)      5.80639700    0.00000200    0.37375200
 H(Fragment=2)      5.80639700    0.00000200   -0.37375200









