# MP2/6-311+g(d,p) counterpoise=2

two

0 1 0 1 0 1
 C(Fragment=1)      0.00897000    1.39643100   -0.00000100
 C(Fragment=1)      1.23364100    0.71646900   -0.00000100
 C(Fragment=1)      1.23359900   -0.71662400   -0.00000100
 C(Fragment=1)      0.00885300   -1.39641700   -0.00000100
 C(Fragment=1)     -1.21559200   -0.71652000   -0.00000300
 C(Fragment=1)     -1.21559700    0.71656800   -0.00000300
 O(Fragment=1)     -2.40024500    1.43381700   -0.00000400
 O(Fragment=1)     -2.40030100   -1.43385800   -0.00000400
 O(Fragment=1)      2.41967400   -1.42178400    0.00000000
 O(Fragment=1)      2.41985100    1.42157500    0.00000000
 Mg(Fragment=1)    -3.59845300   -0.00001500    0.00001500
 Mg(Fragment=1)     3.63575700   -0.00013800    0.00000100
 H(Fragment=1)      0.00832500    2.48339300   -0.00000100
 H(Fragment=1)      0.00786500   -2.48337200   -0.00000100
 H(Fragment=2)      5.83532600    0.00023800    0.37366300
 H(Fragment=2)      5.83532700    0.00023800   -0.37365900









